python -m bqskit_local.testCasesPGS.benchmark_sabre_pgs QAOA_wsq_512_compiled --architecture grid-32x32 --cg-compat --sabre-layout-passes 1
Input filename: QAOA_wsq_512_compiled
Algorithm: SABRE-PGS
Architecture: 32x32 grid PositionGraph subset
Architecture nodes: [33, 1, 32, 34, 65, 0, 2, 64, 35, 66, 97, 3, 96, 36, 67, 98, 129, 4, 128, 37, 68, 99, 130, 161, 5, 160, 38, 69, 100, 131, 162, 193, 6, 192, 39, 70, 101, 132, 163, 194, 225, 7, 224, 40, 71, 102, 133, 164, 195, 226, 257, 8, 256, 41, 72, 103, 134, 165, 196, 227, 258, 289, 9, 288, 42, 73, 104, 135, 166, 197, 228, 259, 290, 321, 10, 320, 43, 74, 105, 136, 167, 198, 229, 260, 291, 322, 353, 11, 352, 44, 75, 106, 137, 168, 199, 230, 261, 292, 323, 354, 385, 12, 384, 45, 76, 107, 138, 169, 200, 231, 262, 293, 324, 355, 386, 417, 13, 416, 46, 77, 108, 139, 170, 201, 232, 263, 294, 325, 356, 387, 418, 449, 14, 448, 47, 78, 109, 140, 171, 202, 233, 264, 295, 326, 357, 388, 419, 450, 481, 15, 480, 48, 79, 110, 141, 172, 203, 234, 265, 296, 327, 358, 389, 420, 451, 482, 513, 16, 512, 49, 80, 111, 142, 173, 204, 235, 266, 297, 328, 359, 390, 421, 452, 483, 514, 545, 17, 544, 50, 81, 112, 143, 174, 205, 236, 267, 298, 329, 360, 391, 422, 453, 484, 515, 546, 577, 18, 576, 51, 82, 113, 144, 175, 206, 237, 268, 299, 330, 361, 392, 423, 454, 485, 516, 547, 578, 609, 19, 608, 52, 83, 114, 145, 176, 207, 238, 269, 300, 331, 362, 393, 424, 455, 486, 517, 548, 579, 610, 641, 20, 640, 53, 84, 115, 146, 177, 208, 239, 270, 301, 332, 363, 394, 425, 456, 487, 518, 549, 580, 611, 642, 673, 21, 672, 54, 85, 116, 147, 178, 209, 240, 271, 302, 333, 364, 395, 426, 457, 488, 519, 550, 581, 612, 643, 674, 705, 22, 704, 55, 86, 117, 148, 179, 210, 241, 272, 303, 334, 365, 396, 427, 458, 489, 520, 551, 582, 613, 644, 675, 706, 737, 23, 736, 56, 87, 118, 149, 180, 211, 242, 273, 304, 335, 366, 397, 428, 459, 490, 521, 552, 583, 614, 645, 676, 707, 738, 769, 24, 768, 57, 88, 119, 150, 181, 212, 243, 274, 305, 336, 367, 398, 429, 460, 491, 522, 553, 584, 615, 646, 677, 708, 739, 770, 801, 25, 800, 58, 89, 120, 151, 182, 213, 244, 275, 306, 337, 368, 399, 430, 461, 492, 523, 554, 585, 616, 647, 678, 709, 740, 771, 802, 833, 26, 832, 59, 90, 121, 152, 183, 214, 245, 276, 307, 338, 369, 400, 431, 462, 493, 524, 555, 586, 617, 648, 679, 710, 741, 772, 803, 834, 865, 27, 864, 60, 91, 122, 153, 184, 215, 246, 277, 308, 339, 370, 401, 432, 463, 494, 525, 556, 587, 618, 649, 680, 711, 742, 773, 804, 835, 866, 897, 28, 896, 61, 92, 123, 154, 185, 216, 247, 278, 309, 340, 371, 402, 433, 464, 495, 526, 557, 588, 619, 650, 681, 712, 743, 774, 805, 836, 867, 898, 929, 29, 928, 62, 93, 124, 155, 186, 217, 248, 279, 310, 341, 372, 403, 434, 465, 496, 527, 558, 589]
CG compatibility mode: True
SABRE layout passes: 1
Number of qudits: 512
Number of operations: 26174
Number of positions: 512
Number of directed edges: 1926
passes [<bqskit_local.mapping.setPGSPass.SetPGSPass object at 0x0000029E095C4830>, <bqskit_local.layout.sabrePassPGS.GeneralizedSabreLayoutPassPGS object at 0x0000029E387382F0>, <bqskit_local.routing.sabreRoutingPGS.GeneralizedSabreRoutingPassPGS object at 0x0000029E387381A0>]
Initial mapping: [0, 1, 2, 3, 4, 5, 6, 7, 8, 9, 10, 11, 12, 13, 14, 15, 16, 17, 18, 19, 20, 21, 22, 23, 24, 25, 26, 27, 28, 29, 30, 31, 32, 33, 34, 35, 36, 37, 38, 39, 40, 41, 42, 43, 44, 45, 46, 47, 48, 49, 50, 51, 52, 53, 54, 55, 56, 57, 58, 59, 60, 61, 62, 63, 64, 65, 66, 67, 68, 69, 70, 71, 72, 73, 74, 75, 76, 77, 78, 79, 80, 81, 82, 83, 84, 85, 86, 87, 88, 89, 90, 91, 92, 93, 94, 95, 96, 97, 98, 99, 100, 101, 102, 103, 104, 105, 106, 107, 108, 109, 110, 111, 112, 113, 114, 115, 116, 117, 118, 119, 120, 121, 122, 123, 124, 125, 126, 127, 128, 129, 130, 131, 132, 133, 134, 135, 136, 137, 138, 139, 140, 141, 142, 143, 144, 145, 146, 147, 148, 149, 150, 151, 152, 153, 154, 155, 156, 157, 158, 159, 160, 161, 162, 163, 164, 165, 166, 167, 168, 169, 170, 171, 172, 173, 174, 175, 176, 177, 178, 179, 180, 181, 182, 183, 184, 185, 186, 187, 188, 189, 190, 191, 192, 193, 194, 195, 196, 197, 198, 199, 200, 201, 202, 203, 204, 205, 206, 207, 208, 209, 210, 211, 212, 213, 214, 215, 216, 217, 218, 219, 220, 221, 222, 223, 224, 225, 226, 227, 228, 229, 230, 231, 232, 233, 234, 235, 236, 237, 238, 239, 240, 241, 242, 243, 244, 245, 246, 247, 248, 249, 250, 251, 252, 253, 254, 255, 256, 257, 258, 259, 260, 261, 262, 263, 264, 265, 266, 267, 268, 269, 270, 271, 272, 273, 274, 275, 276, 277, 278, 279, 280, 281, 282, 283, 284, 285, 286, 287, 288, 289, 290, 291, 292, 293, 294, 295, 296, 297, 298, 299, 300, 301, 302, 303, 304, 305, 306, 307, 308, 309, 310, 311, 312, 313, 314, 315, 316, 317, 318, 319, 320, 321, 322, 323, 324, 325, 326, 327, 328, 329, 330, 331, 332, 333, 334, 335, 336, 337, 338, 339, 340, 341, 342, 343, 344, 345, 346, 347, 348, 349, 350, 351, 352, 353, 354, 355, 356, 357, 358, 359, 360, 361, 362, 363, 364, 365, 366, 367, 368, 369, 370, 371, 372, 373, 374, 375, 376, 377, 378, 379, 380, 381, 382, 383, 384, 385, 386, 387, 388, 389, 390, 391, 392, 393, 394, 395, 396, 397, 398, 399, 400, 401, 402, 403, 404, 405, 406, 407, 408, 409, 410, 411, 412, 413, 414, 415, 416, 417, 418, 419, 420, 421, 422, 423, 424, 425, 426, 427, 428, 429, 430, 431, 432, 433, 434, 435, 436, 437, 438, 439, 440, 441, 442, 443, 444, 445, 446, 447, 448, 449, 450, 451, 452, 453, 454, 455, 456, 457, 458, 459, 460, 461, 462, 463, 464, 465, 466, 467, 468, 469, 470, 471, 472, 473, 474, 475, 476, 477, 478, 479, 480, 481, 482, 483, 484, 485, 486, 487, 488, 489, 490, 491, 492, 493, 494, 495, 496, 497, 498, 499, 500, 501, 502, 503, 504, 505, 506, 507, 508, 509, 510, 511]
Final mapping: [457, 203, 105, 393, 509, 510, 496, 483, 488, 365, 184, 418, 427, 497, 458, 506, 324, 383, 504, 459, 503, 236, 325, 342, 436, 334, 200, 386, 449, 282, 478, 391, 172, 432, 400, 485, 422, 476, 430, 340, 450, 350, 261, 429, 507, 468, 317, 445, 286, 467, 78, 402, 158, 309, 18, 364, 353, 464, 384, 289, 421, 475, 372, 397, 220, 93, 412, 499, 241, 378, 494, 279, 304, 451, 406, 407, 472, 62, 502, 440, 453, 363, 431, 456, 471, 416, 441, 465, 462, 487, 379, 313, 332, 344, 448, 434, 408, 417, 442, 452, 404, 403, 505, 439, 420, 401, 474, 444, 388, 376, 455, 433, 399, 328, 381, 341, 424, 419, 491, 413, 428, 356, 382, 355, 423, 396, 370, 377, 405, 366, 351, 435, 373, 292, 318, 438, 398, 380, 389, 337, 387, 326, 375, 338, 360, 354, 306, 293, 307, 312, 308, 369, 69, 374, 319, 352, 362, 357, 330, 314, 371, 447, 58, 280, 333, 302, 327, 345, 316, 392, 343, 285, 394, 321, 301, 305, 339, 480, 437, 281, 207, 335, 368, 311, 347, 346, 315, 291, 310, 303, 495, 329, 359, 275, 501, 395, 322, 298, 410, 461, 272, 426, 385, 348, 490, 240, 323, 463, 415, 202, 484, 425, 469, 336, 508, 273, 193, 492, 278, 255, 274, 270, 358, 295, 201, 174, 299, 262, 267, 409, 171, 498, 175, 486, 479, 500, 443, 460, 204, 221, 390, 239, 283, 297, 446, 178, 248, 214, 238, 258, 288, 493, 264, 233, 296, 511, 212, 224, 190, 181, 414, 230, 226, 411, 489, 290, 482, 252, 300, 235, 249, 251, 199, 205, 254, 294, 228, 477, 269, 247, 287, 215, 266, 213, 197, 231, 232, 192, 277, 245, 159, 253, 242, 211, 234, 250, 196, 265, 244, 257, 95, 268, 191, 209, 229, 180, 263, 246, 237, 271, 260, 284, 276, 188, 227, 198, 195, 216, 206, 160, 225, 177, 243, 183, 89, 218, 208, 107, 219, 189, 176, 186, 164, 179, 148, 167, 185, 217, 129, 165, 149, 72, 151, 173, 136, 153, 145, 259, 187, 256, 194, 106, 182, 210, 155, 81, 137, 163, 166, 154, 141, 168, 170, 222, 139, 150, 121, 87, 169, 156, 117, 114, 223, 138, 466, 126, 152, 144, 120, 146, 157, 147, 481, 135, 113, 74, 96, 130, 119, 361, 100, 133, 123, 162, 127, 331, 110, 97, 60, 71, 367, 86, 118, 92, 473, 15, 104, 64, 35, 161, 143, 82, 115, 112, 128, 349, 140, 59, 50, 470, 54, 124, 49, 108, 30, 21, 47, 99, 46, 134, 75, 66, 116, 52, 29, 103, 125, 42, 43, 131, 142, 91, 90, 73, 68, 88, 111, 101, 83, 85, 34, 38, 79, 98, 70, 76, 132, 122, 39, 109, 63, 13, 48, 10, 28, 61, 51, 26, 25, 31, 32, 4, 80, 67, 41, 56, 57, 2, 14, 33, 55, 6, 20, 12, 320, 77, 40, 94, 27, 19, 44, 1, 102, 7, 45, 53, 8, 16, 22, 24, 454, 11, 17, 36, 9, 5, 3, 37, 65, 0, 23, 84]
Placement: [77, 54, 87, 105, 65, 64, 46, 121, 91, 66, 89, 90, 43, 53, 118, 101, 78, 106, 153, 67, 104, 28, 44, 79, 120, 20, 74, 137, 103, 11, 155, 76, 13, 135, 26, 36, 92, 139, 138, 41, 35, 119, 108, 19, 45, 51, 29, 57, 32, 21, 1, 107, 15, 154, 125, 68, 62, 122, 172, 22, 48, 136, 151, 34, 14, 55, 37, 10, 93, 134, 3, 30, 70, 116, 71, 215, 152, 17, 5, 8, 27, 18, 24, 123, 156, 124, 9, 23, 56, 39, 69, 81, 127, 12, 173, 86, 178, 161, 95, 141, 38, 4, 80, 109, 58, 2, 16, 7, 83, 94, 49, 47, 176, 40, 111, 59, 126, 85, 82, 113, 6, 144, 174, 96, 140, 158, 97, 31, 160, 72, 84, 110, 157, 112, 159, 128, 61, 129, 180, 145, 177, 99, 143, 142, 25, 162, 98, 179, 100, 198, 130, 181, 197, 182, 146, 73, 114, 218, 219, 242, 200, 52, 199, 164, 33, 163, 147, 202, 201, 50, 115, 239, 88, 75, 183, 220, 223, 245, 241, 204, 267, 264, 148, 269, 168, 244, 131, 184, 266, 203, 117, 246, 102, 263, 222, 268, 225, 247, 243, 133, 187, 337, 287, 207, 221, 292, 166, 311, 224, 205, 290, 317, 314, 293, 338, 368, 150, 42, 63, 185, 312, 339, 60, 240, 366, 291, 288, 265, 341, 315, 313, 270, 250, 297, 343, 271, 228, 316, 365, 344, 419, 390, 319, 342, 318, 226, 367, 320, 295, 294, 273, 397, 399, 322, 395, 420, 289, 248, 340, 165, 371, 336, 454, 398, 393, 426, 369, 422, 345, 424, 481, 370, 362, 335, 486, 361, 427, 425, 391, 262, 387, 238, 389, 451, 396, 411, 359, 456, 423, 482, 453, 358, 410, 302, 372, 394, 452, 485, 309, 364, 455, 479, 383, 418, 237, 333, 384, 303, 440, 510, 414, 413, 328, 388, 385, 360, 329, 476, 354, 355, 214, 331, 415, 308, 445, 503, 332, 330, 416, 334, 386, 217, 256, 442, 478, 357, 480, 353, 472, 307, 409, 277, 380, 506, 278, 306, 443, 474, 283, 194, 507, 281, 473, 499, 304, 279, 232, 444, 310, 260, 327, 259, 257, 468, 469, 439, 438, 195, 282, 502, 437, 412, 467, 255, 504, 233, 235, 441, 470, 498, 447, 352, 382, 509, 446, 213, 234, 276, 300, 254, 392, 406, 280, 475, 448, 305, 253, 258, 381, 501, 471, 436, 500, 231, 171, 379, 275, 408, 191, 487, 192, 196, 465, 252, 421, 285, 466, 251, 321, 378, 351, 435, 296, 326, 407, 261, 449, 169, 211, 190, 299, 497, 505, 324, 325, 350, 249, 417, 301, 189, 229, 347, 274, 488, 349, 434, 484, 284, 210, 508, 477, 323, 376, 188, 132, 298, 209, 272, 212, 149, 450, 286, 208, 363, 404, 230, 0, 496, 463, 483, 193, 377, 405, 175, 374, 431, 461, 457, 430, 348, 356, 216, 346, 460, 400, 433, 490, 402, 206, 401, 458, 167, 489, 428, 227, 236, 494, 492, 429, 464, 375, 511, 170, 432, 495, 186, 462, 403, 459, 491, 493, 373]
Compilation runtime (s): 919.504
Original operation count: 26174
Compiled operation count: 103733