python -m bqskit_local.testCasesPGS.benchmark_sabre_pgs QAOA_wsq_1024_compiled --architecture grid-32x32 --cg-compat --sabre-layout-passes 1
Input filename: QAOA_wsq_1024_compiled
Algorithm: SABRE-PGS
Architecture: 32x32 grid PositionGraph subset
Architecture nodes: [33, 1, 32, 34, 65, 0, 2, 64, 35, 66, 97, 3, 96, 36, 67, 98, 129, 4, 128, 37, 68, 99, 130, 161, 5, 160, 38, 69, 100, 131, 162, 193, 6, 192, 39, 70, 101, 132, 163, 194, 225, 7, 224, 40, 71, 102, 133, 164, 195, 226, 257, 8, 256, 41, 72, 103, 134, 165, 196, 227, 258, 289, 9, 288, 42, 73, 104, 135, 166, 197, 228, 259, 290, 321, 10, 320, 43, 74, 105, 136, 167, 198, 229, 260, 291, 322, 353, 11, 352, 44, 75, 106, 137, 168, 199, 230, 261, 292, 323, 354, 385, 12, 384, 45, 76, 107, 138, 169, 200, 231, 262, 293, 324, 355, 386, 417, 13, 416, 46, 77, 108, 139, 170, 201, 232, 263, 294, 325, 356, 387, 418, 449, 14, 448, 47, 78, 109, 140, 171, 202, 233, 264, 295, 326, 357, 388, 419, 450, 481, 15, 480, 48, 79, 110, 141, 172, 203, 234, 265, 296, 327, 358, 389, 420, 451, 482, 513, 16, 512, 49, 80, 111, 142, 173, 204, 235, 266, 297, 328, 359, 390, 421, 452, 483, 514, 545, 17, 544, 50, 81, 112, 143, 174, 205, 236, 267, 298, 329, 360, 391, 422, 453, 484, 515, 546, 577, 18, 576, 51, 82, 113, 144, 175, 206, 237, 268, 299, 330, 361, 392, 423, 454, 485, 516, 547, 578, 609, 19, 608, 52, 83, 114, 145, 176, 207, 238, 269, 300, 331, 362, 393, 424, 455, 486, 517, 548, 579, 610, 641, 20, 640, 53, 84, 115, 146, 177, 208, 239, 270, 301, 332, 363, 394, 425, 456, 487, 518, 549, 580, 611, 642, 673, 21, 672, 54, 85, 116, 147, 178, 209, 240, 271, 302, 333, 364, 395, 426, 457, 488, 519, 550, 581, 612, 643, 674, 705, 22, 704, 55, 86, 117, 148, 179, 210, 241, 272, 303, 334, 365, 396, 427, 458, 489, 520, 551, 582, 613, 644, 675, 706, 737, 23, 736, 56, 87, 118, 149, 180, 211, 242, 273, 304, 335, 366, 397, 428, 459, 490, 521, 552, 583, 614, 645, 676, 707, 738, 769, 24, 768, 57, 88, 119, 150, 181, 212, 243, 274, 305, 336, 367, 398, 429, 460, 491, 522, 553, 584, 615, 646, 677, 708, 739, 770, 801, 25, 800, 58, 89, 120, 151, 182, 213, 244, 275, 306, 337, 368, 399, 430, 461, 492, 523, 554, 585, 616, 647, 678, 709, 740, 771, 802, 833, 26, 832, 59, 90, 121, 152, 183, 214, 245, 276, 307, 338, 369, 400, 431, 462, 493, 524, 555, 586, 617, 648, 679, 710, 741, 772, 803, 834, 865, 27, 864, 60, 91, 122, 153, 184, 215, 246, 277, 308, 339, 370, 401, 432, 463, 494, 525, 556, 587, 618, 649, 680, 711, 742, 773, 804, 835, 866, 897, 28, 896, 61, 92, 123, 154, 185, 216, 247, 278, 309, 340, 371, 402, 433, 464, 495, 526, 557, 588, 619, 650, 681, 712, 743, 774, 805, 836, 867, 898, 929, 29, 928, 62, 93, 124, 155, 186, 217, 248, 279, 310, 341, 372, 403, 434, 465, 496, 527, 558, 589, 620, 651, 682, 713, 744, 775, 806, 837, 868, 899, 930, 961, 30, 960, 63, 94, 125, 156, 187, 218, 249, 280, 311, 342, 373, 404, 435, 466, 497, 528, 559, 590, 621, 652, 683, 714, 745, 776, 807, 838, 869, 900, 931, 962, 993, 31, 992, 95, 126, 157, 188, 219, 250, 281, 312, 343, 374, 405, 436, 467, 498, 529, 560, 591, 622, 653, 684, 715, 746, 777, 808, 839, 870, 901, 932, 963, 994, 127, 158, 189, 220, 251, 282, 313, 344, 375, 406, 437, 468, 499, 530, 561, 592, 623, 654, 685, 716, 747, 778, 809, 840, 871, 902, 933, 964, 995, 159, 190, 221, 252, 283, 314, 345, 376, 407, 438, 469, 500, 531, 562, 593, 624, 655, 686, 717, 748, 779, 810, 841, 872, 903, 934, 965, 996, 191, 222, 253, 284, 315, 346, 377, 408, 439, 470, 501, 532, 563, 594, 625, 656, 687, 718, 749, 780, 811, 842, 873, 904, 935, 966, 997, 223, 254, 285, 316, 347, 378, 409, 440, 471, 502, 533, 564, 595, 626, 657, 688, 719, 750, 781, 812, 843, 874, 905, 936, 967, 998, 255, 286, 317, 348, 379, 410, 441, 472, 503, 534, 565, 596, 627, 658, 689, 720, 751, 782, 813, 844, 875, 906, 937, 968, 999, 287, 318, 349, 380, 411, 442, 473, 504, 535, 566, 597, 628, 659, 690, 721, 752, 783, 814, 845, 876, 907, 938, 969, 1000, 319, 350, 381, 412, 443, 474, 505, 536, 567, 598, 629, 660, 691, 722, 753, 784, 815, 846, 877, 908, 939, 970, 1001, 351, 382, 413, 444, 475, 506, 537, 568, 599, 630, 661, 692, 723, 754, 785, 816, 847, 878, 909, 940, 971, 1002, 383, 414, 445, 476, 507, 538, 569, 600, 631, 662, 693, 724, 755, 786, 817, 848, 879, 910, 941, 972, 1003, 415, 446, 477, 508, 539, 570, 601, 632, 663, 694, 725, 756, 787, 818, 849, 880, 911, 942, 973, 1004, 447, 478, 509, 540, 571, 602, 633, 664, 695, 726, 757, 788, 819, 850, 881, 912, 943, 974, 1005, 479, 510, 541, 572, 603, 634, 665, 696, 727, 758, 789, 820, 851, 882, 913, 944, 975, 1006, 511, 542, 573, 604, 635, 666, 697, 728, 759, 790, 821, 852, 883, 914, 945, 976, 1007, 543, 574, 605, 636, 667, 698, 729, 760, 791, 822, 853, 884, 915, 946, 977, 1008, 575, 606, 637, 668, 699, 730, 761, 792, 823, 854, 885, 916, 947, 978, 1009, 607, 638, 669, 700, 731, 762, 793, 824, 855, 886, 917, 948, 979, 1010, 639, 670, 701, 732, 763, 794, 825, 856, 887, 918, 949, 980, 1011, 671, 702, 733, 764, 795, 826, 857, 888, 919, 950, 981, 1012, 703, 734, 765, 796, 827, 858, 889, 920, 951, 982, 1013, 735, 766, 797, 828, 859, 890, 921, 952, 983, 1014, 767, 798, 829, 860, 891, 922, 953, 984, 1015, 799, 830, 861, 892, 923, 954, 985, 1016, 831, 862, 893, 924, 955, 986, 1017, 863, 894, 925, 956, 987, 1018, 895, 926, 957, 988, 1019, 927, 958, 989, 1020, 959, 990, 1021, 991, 1022, 1023]
CG compatibility mode: True
SABRE layout passes: 1
Number of qudits: 1024
Number of operations: 104712
Number of positions: 1024
Number of directed edges: 3968
passes [<bqskit_local.mapping.setPGSPass.SetPGSPass object at 0x0000025F536A0830>, <bqskit_local.layout.sabrePassPGS.GeneralizedSabreLayoutPassPGS object at 0x0000025F084A42F0>, <bqskit_local.routing.sabreRoutingPGS.GeneralizedSabreRoutingPassPGS object at 0x0000025F084A41A0>]
Initial mapping: [0, 1, 2, 3, 4, 5, 6, 7, 8, 9, 10, 11, 12, 13, 14, 15, 16, 17, 18, 19, 20, 21, 22, 23, 24, 25, 26, 27, 28, 29, 30, 31, 32, 33, 34, 35, 36, 37, 38, 39, 40, 41, 42, 43, 44, 45, 46, 47, 48, 49, 50, 51, 52, 53, 54, 55, 56, 57, 58, 59, 60, 61, 62, 63, 64, 65, 66, 67, 68, 69, 70, 71, 72, 73, 74, 75, 76, 77, 78, 79, 80, 81, 82, 83, 84, 85, 86, 87, 88, 89, 90, 91, 92, 93, 94, 95, 96, 97, 98, 99, 100, 101, 102, 103, 104, 105, 106, 107, 108, 109, 110, 111, 112, 113, 114, 115, 116, 117, 118, 119, 120, 121, 122, 123, 124, 125, 126, 127, 128, 129, 130, 131, 132, 133, 134, 135, 136, 137, 138, 139, 140, 141, 142, 143, 144, 145, 146, 147, 148, 149, 150, 151, 152, 153, 154, 155, 156, 157, 158, 159, 160, 161, 162, 163, 164, 165, 166, 167, 168, 169, 170, 171, 172, 173, 174, 175, 176, 177, 178, 179, 180, 181, 182, 183, 184, 185, 186, 187, 188, 189, 190, 191, 192, 193, 194, 195, 196, 197, 198, 199, 200, 201, 202, 203, 204, 205, 206, 207, 208, 209, 210, 211, 212, 213, 214, 215, 216, 217, 218, 219, 220, 221, 222, 223, 224, 225, 226, 227, 228, 229, 230, 231, 232, 233, 234, 235, 236, 237, 238, 239, 240, 241, 242, 243, 244, 245, 246, 247, 248, 249, 250, 251, 252, 253, 254, 255, 256, 257, 258, 259, 260, 261, 262, 263, 264, 265, 266, 267, 268, 269, 270, 271, 272, 273, 274, 275, 276, 277, 278, 279, 280, 281, 282, 283, 284, 285, 286, 287, 288, 289, 290, 291, 292, 293, 294, 295, 296, 297, 298, 299, 300, 301, 302, 303, 304, 305, 306, 307, 308, 309, 310, 311, 312, 313, 314, 315, 316, 317, 318, 319, 320, 321, 322, 323, 324, 325, 326, 327, 328, 329, 330, 331, 332, 333, 334, 335, 336, 337, 338, 339, 340, 341, 342, 343, 344, 345, 346, 347, 348, 349, 350, 351, 352, 353, 354, 355, 356, 357, 358, 359, 360, 361, 362, 363, 364, 365, 366, 367, 368, 369, 370, 371, 372, 373, 374, 375, 376, 377, 378, 379, 380, 381, 382, 383, 384, 385, 386, 387, 388, 389, 390, 391, 392, 393, 394, 395, 396, 397, 398, 399, 400, 401, 402, 403, 404, 405, 406, 407, 408, 409, 410, 411, 412, 413, 414, 415, 416, 417, 418, 419, 420, 421, 422, 423, 424, 425, 426, 427, 428, 429, 430, 431, 432, 433, 434, 435, 436, 437, 438, 439, 440, 441, 442, 443, 444, 445, 446, 447, 448, 449, 450, 451, 452, 453, 454, 455, 456, 457, 458, 459, 460, 461, 462, 463, 464, 465, 466, 467, 468, 469, 470, 471, 472, 473, 474, 475, 476, 477, 478, 479, 480, 481, 482, 483, 484, 485, 486, 487, 488, 489, 490, 491, 492, 493, 494, 495, 496, 497, 498, 499, 500, 501, 502, 503, 504, 505, 506, 507, 508, 509, 510, 511, 512, 513, 514, 515, 516, 517, 518, 519, 520, 521, 522, 523, 524, 525, 526, 527, 528, 529, 530, 531, 532, 533, 534, 535, 536, 537, 538, 539, 540, 541, 542, 543, 544, 545, 546, 547, 548, 549, 550, 551, 552, 553, 554, 555, 556, 557, 558, 559, 560, 561, 562, 563, 564, 565, 566, 567, 568, 569, 570, 571, 572, 573, 574, 575, 576, 577, 578, 579, 580, 581, 582, 583, 584, 585, 586, 587, 588, 589, 590, 591, 592, 593, 594, 595, 596, 597, 598, 599, 600, 601, 602, 603, 604, 605, 606, 607, 608, 609, 610, 611, 612, 613, 614, 615, 616, 617, 618, 619, 620, 621, 622, 623, 624, 625, 626, 627, 628, 629, 630, 631, 632, 633, 634, 635, 636, 637, 638, 639, 640, 641, 642, 643, 644, 645, 646, 647, 648, 649, 650, 651, 652, 653, 654, 655, 656, 657, 658, 659, 660, 661, 662, 663, 664, 665, 666, 667, 668, 669, 670, 671, 672, 673, 674, 675, 676, 677, 678, 679, 680, 681, 682, 683, 684, 685, 686, 687, 688, 689, 690, 691, 692, 693, 694, 695, 696, 697, 698, 699, 700, 701, 702, 703, 704, 705, 706, 707, 708, 709, 710, 711, 712, 713, 714, 715, 716, 717, 718, 719, 720, 721, 722, 723, 724, 725, 726, 727, 728, 729, 730, 731, 732, 733, 734, 735, 736, 737, 738, 739, 740, 741, 742, 743, 744, 745, 746, 747, 748, 749, 750, 751, 752, 753, 754, 755, 756, 757, 758, 759, 760, 761, 762, 763, 764, 765, 766, 767, 768, 769, 770, 771, 772, 773, 774, 775, 776, 777, 778, 779, 780, 781, 782, 783, 784, 785, 786, 787, 788, 789, 790, 791, 792, 793, 794, 795, 796, 797, 798, 799, 800, 801, 802, 803, 804, 805, 806, 807, 808, 809, 810, 811, 812, 813, 814, 815, 816, 817, 818, 819, 820, 821, 822, 823, 824, 825, 826, 827, 828, 829, 830, 831, 832, 833, 834, 835, 836, 837, 838, 839, 840, 841, 842, 843, 844, 845, 846, 847, 848, 849, 850, 851, 852, 853, 854, 855, 856, 857, 858, 859, 860, 861, 862, 863, 864, 865, 866, 867, 868, 869, 870, 871, 872, 873, 874, 875, 876, 877, 878, 879, 880, 881, 882, 883, 884, 885, 886, 887, 888, 889, 890, 891, 892, 893, 894, 895, 896, 897, 898, 899, 900, 901, 902, 903, 904, 905, 906, 907, 908, 909, 910, 911, 912, 913, 914, 915, 916, 917, 918, 919, 920, 921, 922, 923, 924, 925, 926, 927, 928, 929, 930, 931, 932, 933, 934, 935, 936, 937, 938, 939, 940, 941, 942, 943, 944, 945, 946, 947, 948, 949, 950, 951, 952, 953, 954, 955, 956, 957, 958, 959, 960, 961, 962, 963, 964, 965, 966, 967, 968, 969, 970, 971, 972, 973, 974, 975, 976, 977, 978, 979, 980, 981, 982, 983, 984, 985, 986, 987, 988, 989, 990, 991, 992, 993, 994, 995, 996, 997, 998, 999, 1000, 1001, 1002, 1003, 1004, 1005, 1006, 1007, 1008, 1009, 1010, 1011, 1012, 1013, 1014, 1015, 1016, 1017, 1018, 1019, 1020, 1021, 1022, 1023]
Final mapping: [1013, 931, 1023, 1014, 974, 1020, 1018, 994, 1009, 1011, 983, 1016, 1019, 995, 1002, 989, 979, 992, 812, 984, 990, 1008, 947, 1003, 997, 976, 1006, 991, 962, 987, 1017, 782, 905, 1015, 999, 1000, 982, 986, 1005, 968, 993, 919, 939, 1004, 985, 956, 897, 954, 960, 816, 615, 970, 981, 958, 933, 632, 569, 946, 917, 903, 967, 916, 637, 943, 975, 959, 580, 980, 951, 902, 922, 977, 670, 586, 877, 543, 559, 996, 554, 973, 627, 892, 911, 949, 945, 910, 882, 915, 890, 634, 561, 940, 584, 926, 966, 622, 936, 582, 873, 942, 963, 828, 886, 605, 1001, 860, 879, 927, 965, 953, 864, 925, 865, 896, 576, 592, 891, 861, 841, 906, 955, 924, 932, 840, 855, 884, 871, 862, 894, 978, 851, 898, 837, 822, 881, 835, 901, 889, 880, 830, 814, 875, 825, 833, 893, 908, 863, 752, 590, 574, 909, 930, 843, 859, 629, 856, 857, 811, 858, 972, 850, 844, 1022, 600, 870, 854, 914, 834, 838, 672, 826, 842, 921, 754, 781, 845, 935, 808, 820, 866, 817, 799, 941, 824, 743, 813, 748, 952, 641, 846, 807, 763, 849, 639, 885, 775, 872, 836, 818, 564, 823, 829, 737, 783, 377, 319, 675, 801, 832, 756, 625, 793, 751, 787, 746, 745, 638, 718, 563, 687, 788, 735, 552, 805, 794, 653, 797, 705, 738, 728, 774, 716, 810, 784, 815, 727, 750, 647, 869, 785, 770, 868, 847, 779, 777, 920, 655, 821, 577, 640, 762, 674, 791, 853, 734, 760, 795, 918, 1007, 998, 827, 780, 772, 848, 699, 802, 839, 765, 706, 764, 726, 666, 900, 221, 721, 695, 771, 768, 803, 628, 709, 730, 703, 623, 712, 732, 790, 694, 944, 747, 691, 769, 831, 759, 719, 792, 819, 683, 753, 692, 707, 614, 895, 736, 773, 749, 679, 646, 957, 757, 700, 867, 701, 714, 690, 693, 681, 286, 876, 717, 776, 710, 928, 741, 656, 680, 697, 724, 758, 744, 720, 676, 624, 740, 800, 696, 673, 806, 723, 686, 798, 228, 587, 698, 572, 685, 620, 383, 713, 684, 644, 682, 688, 654, 804, 789, 645, 612, 678, 642, 225, 722, 766, 677, 704, 416, 664, 617, 652, 950, 852, 658, 669, 731, 650, 668, 621, 643, 874, 662, 660, 661, 255, 299, 739, 733, 659, 657, 201, 317, 708, 883, 326, 626, 599, 689, 742, 648, 290, 667, 555, 573, 988, 568, 239, 636, 767, 725, 611, 651, 581, 619, 565, 507, 493, 542, 602, 522, 206, 340, 259, 923, 240, 603, 560, 912, 358, 546, 610, 557, 579, 371, 553, 609, 541, 601, 349, 270, 585, 384, 583, 809, 550, 566, 596, 535, 248, 630, 571, 539, 310, 594, 913, 266, 342, 964, 907, 538, 253, 887, 381, 578, 613, 593, 426, 558, 247, 400, 316, 502, 497, 562, 273, 551, 508, 755, 513, 536, 547, 899, 948, 503, 589, 532, 501, 608, 567, 375, 533, 490, 595, 530, 257, 476, 378, 540, 397, 492, 904, 364, 312, 525, 761, 482, 484, 520, 403, 466, 786, 422, 544, 487, 475, 548, 278, 505, 344, 526, 516, 519, 485, 461, 496, 521, 531, 545, 469, 537, 491, 969, 494, 1021, 500, 477, 556, 478, 353, 524, 512, 604, 510, 961, 483, 511, 518, 607, 527, 517, 515, 472, 509, 447, 523, 454, 506, 301, 457, 529, 448, 591, 471, 449, 452, 458, 514, 528, 453, 479, 495, 570, 439, 462, 380, 470, 456, 481, 366, 480, 465, 459, 489, 430, 423, 455, 427, 606, 450, 431, 373, 433, 486, 444, 401, 415, 474, 473, 549, 499, 418, 382, 597, 388, 413, 399, 428, 440, 438, 442, 436, 443, 410, 796, 409, 414, 460, 446, 408, 420, 405, 441, 348, 464, 498, 362, 429, 434, 419, 468, 354, 398, 389, 424, 370, 404, 304, 437, 372, 338, 534, 425, 352, 463, 390, 335, 588, 394, 504, 346, 402, 451, 328, 421, 488, 407, 351, 411, 350, 435, 324, 356, 445, 374, 309, 363, 432, 379, 345, 386, 332, 368, 339, 376, 393, 241, 294, 359, 318, 385, 355, 271, 367, 665, 236, 365, 230, 360, 391, 396, 327, 313, 392, 357, 305, 387, 303, 314, 361, 295, 224, 296, 702, 369, 412, 311, 161, 347, 325, 334, 254, 284, 274, 282, 336, 308, 250, 267, 260, 130, 245, 210, 251, 272, 222, 333, 323, 302, 193, 237, 205, 242, 293, 729, 218, 934, 263, 223, 663, 249, 188, 143, 166, 191, 220, 244, 269, 246, 154, 649, 174, 878, 283, 971, 194, 262, 264, 235, 616, 671, 59, 715, 938, 322, 575, 937, 232, 711, 265, 184, 179, 180, 158, 298, 1012, 1010, 598, 279, 778, 234, 258, 226, 162, 173, 243, 192, 118, 631, 633, 215, 888, 276, 214, 618, 252, 50, 186, 212, 146, 178, 203, 134, 62, 929, 181, 171, 61, 291, 182, 209, 140, 207, 169, 190, 216, 219, 163, 204, 101, 133, 36, 285, 147, 198, 288, 148, 199, 175, 211, 187, 197, 168, 635, 287, 189, 172, 202, 200, 141, 157, 151, 196, 159, 164, 177, 213, 155, 195, 176, 150, 417, 138, 183, 113, 144, 110, 127, 167, 170, 135, 60, 111, 131, 160, 229, 128, 139, 122, 105, 92, 19, 119, 132, 156, 261, 47, 165, 8, 142, 100, 108, 77, 275, 149, 83, 120, 185, 123, 97, 98, 121, 95, 71, 115, 126, 15, 152, 289, 145, 66, 103, 96, 23, 88, 11, 16, 125, 306, 54, 63, 87, 153, 102, 124, 65, 82, 70, 107, 109, 106, 57, 81, 69, 38, 231, 33, 1, 46, 10, 80, 55, 93, 395, 43, 13, 4, 84, 208, 217, 79, 28, 18, 331, 37, 94, 31, 68, 74, 26, 89, 73, 104, 315, 12, 321, 0, 9, 268, 292, 343, 2, 29, 129, 17, 330, 27, 467, 64, 99, 329, 136, 281, 48, 32, 337, 58, 21, 227, 44, 24, 86, 25, 406, 52, 238, 7, 117, 72, 41, 297, 20, 76, 277, 256, 233, 49, 300, 320, 45, 341, 91, 75, 14, 137, 42, 5, 280, 90, 85, 53, 67, 22, 40, 30, 78, 116, 307, 6, 35, 39, 112, 56, 51, 34, 3, 114]
Placement: [46, 94, 81, 55, 110, 44, 121, 68, 160, 142, 21, 56, 69, 27, 108, 111, 57, 67, 24, 127, 104, 62, 36, 125, 35, 80, 29, 19, 38, 77, 95, 47, 45, 7, 66, 90, 100, 89, 8, 78, 65, 91, 118, 15, 20, 103, 59, 1, 26, 34, 5, 28, 41, 53, 98, 11, 107, 14, 123, 394, 180, 109, 244, 84, 116, 33, 3, 43, 83, 126, 82, 145, 106, 37, 22, 87, 79, 4, 64, 70, 31, 30, 58, 143, 12, 120, 124, 113, 49, 13, 51, 105, 50, 71, 60, 97, 99, 128, 144, 9, 181, 263, 10, 85, 48, 182, 72, 6, 164, 2, 222, 265, 92, 73, 54, 39, 96, 17, 218, 102, 86, 114, 146, 18, 112, 40, 163, 221, 201, 93, 134, 115, 223, 268, 198, 161, 140, 137, 159, 243, 246, 241, 178, 197, 179, 129, 228, 245, 75, 16, 264, 202, 162, 61, 239, 220, 200, 203, 247, 199, 147, 261, 337, 187, 267, 183, 310, 224, 290, 289, 184, 117, 165, 225, 314, 204, 242, 148, 240, 286, 207, 313, 166, 291, 312, 130, 269, 368, 238, 292, 287, 339, 338, 311, 336, 185, 315, 288, 266, 341, 366, 512, 340, 395, 342, 364, 419, 52, 194, 293, 361, 250, 270, 316, 285, 393, 168, 0, 284, 226, 481, 545, 260, 448, 447, 391, 365, 176, 577, 219, 478, 25, 392, 122, 158, 421, 215, 335, 32, 576, 542, 388, 216, 262, 362, 480, 217, 390, 477, 309, 334, 283, 63, 418, 237, 543, 193, 510, 363, 450, 307, 141, 479, 308, 451, 423, 540, 446, 157, 195, 196, 236, 389, 449, 360, 131, 205, 156, 417, 248, 76, 174, 333, 482, 282, 367, 452, 177, 317, 42, 513, 88, 139, 387, 359, 358, 445, 155, 422, 420, 136, 475, 416, 281, 256, 415, 23, 74, 214, 257, 509, 258, 508, 259, 386, 192, 357, 544, 356, 213, 119, 173, 273, 306, 234, 191, 331, 235, 233, 175, 101, 172, 303, 332, 305, 212, 444, 153, 255, 474, 575, 138, 571, 154, 537, 210, 232, 171, 190, 414, 328, 279, 254, 330, 302, 539, 471, 385, 572, 304, 505, 412, 438, 382, 503, 280, 381, 355, 472, 506, 411, 602, 277, 441, 410, 511, 440, 439, 570, 329, 499, 541, 469, 443, 601, 354, 413, 473, 437, 408, 276, 476, 384, 538, 468, 132, 383, 536, 409, 534, 507, 502, 231, 500, 278, 565, 152, 470, 353, 379, 351, 301, 442, 564, 406, 380, 149, 133, 299, 352, 532, 501, 531, 597, 407, 324, 600, 533, 325, 467, 567, 466, 189, 593, 300, 326, 436, 275, 377, 622, 350, 504, 323, 498, 298, 252, 530, 378, 497, 650, 274, 327, 594, 347, 496, 349, 563, 620, 464, 465, 566, 562, 434, 535, 229, 529, 621, 135, 211, 595, 592, 404, 561, 435, 374, 676, 527, 651, 624, 560, 495, 376, 321, 653, 705, 648, 296, 652, 230, 402, 702, 727, 655, 629, 677, 619, 623, 704, 151, 405, 679, 728, 707, 703, 251, 461, 675, 167, 731, 494, 526, 700, 431, 751, 674, 649, 559, 591, 492, 729, 706, 678, 753, 524, 589, 680, 463, 618, 528, 647, 654, 596, 682, 627, 208, 798, 683, 625, 755, 777, 681, 776, 799, 775, 170, 773, 708, 628, 598, 272, 684, 752, 686, 778, 818, 733, 433, 633, 227, 756, 711, 838, 701, 186, 710, 659, 709, 656, 734, 801, 253, 599, 758, 574, 800, 396, 820, 761, 774, 797, 823, 605, 857, 757, 839, 573, 840, 660, 569, 730, 803, 626, 759, 795, 817, 568, 657, 209, 424, 688, 781, 779, 604, 736, 169, 843, 188, 590, 732, 713, 712, 662, 687, 658, 607, 821, 294, 689, 369, 760, 578, 514, 739, 805, 785, 634, 735, 802, 806, 780, 685, 343, 716, 271, 714, 150, 664, 804, 762, 603, 784, 632, 690, 738, 635, 638, 808, 787, 580, 318, 608, 636, 691, 828, 667, 807, 740, 546, 665, 581, 547, 579, 548, 370, 582, 483, 515, 606, 610, 611, 844, 371, 737, 518, 517, 786, 639, 693, 666, 612, 641, 743, 720, 741, 692, 742, 668, 827, 694, 663, 551, 642, 744, 584, 696, 519, 585, 552, 583, 811, 669, 670, 485, 643, 487, 715, 488, 614, 549, 767, 766, 397, 428, 550, 721, 297, 810, 695, 846, 790, 613, 587, 717, 458, 719, 455, 789, 616, 829, 456, 586, 486, 768, 609, 849, 783, 521, 884, 848, 399, 520, 490, 426, 845, 745, 870, 484, 522, 901, 554, 493, 830, 824, 459, 881, 750, 899, 746, 489, 792, 491, 772, 791, 631, 644, 523, 400, 427, 868, 886, 588, 769, 831, 615, 867, 850, 718, 672, 425, 617, 851, 882, 826, 887, 883, 865, 725, 915, 902, 457, 671, 373, 770, 900, 917, 832, 249, 833, 764, 931, 348, 916, 869, 430, 640, 885, 401, 914, 941, 794, 847, 929, 815, 944, 895, 852, 942, 880, 432, 722, 930, 812, 955, 866, 928, 926, 913, 555, 975, 903, 967, 723, 918, 940, 943, 966, 945, 939, 954, 813, 968, 964, 956, 953, 978, 911, 556, 645, 698, 932, 952, 925, 516, 558, 825, 860, 898, 910, 842, 985, 822, 894, 963, 977, 951, 986, 863, 788, 525, 809, 862, 909, 912, 938, 763, 994, 429, 937, 398, 924, 879, 976, 949, 661, 876, 864, 984, 630, 345, 892, 908, 877, 923, 875, 936, 747, 893, 837, 995, 749, 460, 841, 962, 1000, 726, 993, 922, 699, 861, 859, 891, 974, 454, 754, 835, 950, 983, 961, 637, 971, 375, 897, 1013, 771, 907, 921, 906, 965, 553, 295, 878, 1006, 724, 856, 372, 957, 1001, 453, 322, 1017, 987, 927, 905, 206, 697, 973, 889, 991, 793, 1002, 346, 1007, 816, 874, 960, 796, 872, 765, 990, 992, 982, 673, 998, 935, 748, 890, 1008, 920, 1004, 646, 819, 344, 896, 959, 853, 948, 904, 972, 858, 1015, 873, 981, 1005, 855, 1003, 997, 836, 958, 782, 933, 854, 919, 969, 947, 871, 1009, 934, 1019, 403, 996, 989, 814, 1022, 1010, 946, 970, 999, 462, 888, 1020, 320, 988, 319, 979, 1016, 980, 1018, 1011, 1021, 1014, 1023, 557, 834, 1012]
Compilation runtime (s): 9186.254
Original operation count: 104712
Compiled operation count: 416021