python -m bqskit_local.testCasesPGS.benchmark_sabre_pgs QFT_wsq_1024_compiled --architecture grid-32x32 --cg-compat --sabre-layout-passes 1
Input filename: QFT_wsq_1024_compiled
Algorithm: SABRE-PGS
Architecture: 32x32 grid PositionGraph subset
Architecture nodes: [33, 1, 32, 34, 65, 0, 2, 64, 35, 66, 97, 3, 96, 36, 67, 98, 129, 4, 128, 37, 68, 99, 130, 161, 5, 160, 38, 69, 100, 131, 162, 193, 6, 192, 39, 70, 101, 132, 163, 194, 225, 7, 224, 40, 71, 102, 133, 164, 195, 226, 257, 8, 256, 41, 72, 103, 134, 165, 196, 227, 258, 289, 9, 288, 42, 73, 104, 135, 166, 197, 228, 259, 290, 321, 10, 320, 43, 74, 105, 136, 167, 198, 229, 260, 291, 322, 353, 11, 352, 44, 75, 106, 137, 168, 199, 230, 261, 292, 323, 354, 385, 12, 384, 45, 76, 107, 138, 169, 200, 231, 262, 293, 324, 355, 386, 417, 13, 416, 46, 77, 108, 139, 170, 201, 232, 263, 294, 325, 356, 387, 418, 449, 14, 448, 47, 78, 109, 140, 171, 202, 233, 264, 295, 326, 357, 388, 419, 450, 481, 15, 480, 48, 79, 110, 141, 172, 203, 234, 265, 296, 327, 358, 389, 420, 451, 482, 513, 16, 512, 49, 80, 111, 142, 173, 204, 235, 266, 297, 328, 359, 390, 421, 452, 483, 514, 545, 17, 544, 50, 81, 112, 143, 174, 205, 236, 267, 298, 329, 360, 391, 422, 453, 484, 515, 546, 577, 18, 576, 51, 82, 113, 144, 175, 206, 237, 268, 299, 330, 361, 392, 423, 454, 485, 516, 547, 578, 609, 19, 608, 52, 83, 114, 145, 176, 207, 238, 269, 300, 331, 362, 393, 424, 455, 486, 517, 548, 579, 610, 641, 20, 640, 53, 84, 115, 146, 177, 208, 239, 270, 301, 332, 363, 394, 425, 456, 487, 518, 549, 580, 611, 642, 673, 21, 672, 54, 85, 116, 147, 178, 209, 240, 271, 302, 333, 364, 395, 426, 457, 488, 519, 550, 581, 612, 643, 674, 705, 22, 704, 55, 86, 117, 148, 179, 210, 241, 272, 303, 334, 365, 396, 427, 458, 489, 520, 551, 582, 613, 644, 675, 706, 737, 23, 736, 56, 87, 118, 149, 180, 211, 242, 273, 304, 335, 366, 397, 428, 459, 490, 521, 552, 583, 614, 645, 676, 707, 738, 769, 24, 768, 57, 88, 119, 150, 181, 212, 243, 274, 305, 336, 367, 398, 429, 460, 491, 522, 553, 584, 615, 646, 677, 708, 739, 770, 801, 25, 800, 58, 89, 120, 151, 182, 213, 244, 275, 306, 337, 368, 399, 430, 461, 492, 523, 554, 585, 616, 647, 678, 709, 740, 771, 802, 833, 26, 832, 59, 90, 121, 152, 183, 214, 245, 276, 307, 338, 369, 400, 431, 462, 493, 524, 555, 586, 617, 648, 679, 710, 741, 772, 803, 834, 865, 27, 864, 60, 91, 122, 153, 184, 215, 246, 277, 308, 339, 370, 401, 432, 463, 494, 525, 556, 587, 618, 649, 680, 711, 742, 773, 804, 835, 866, 897, 28, 896, 61, 92, 123, 154, 185, 216, 247, 278, 309, 340, 371, 402, 433, 464, 495, 526, 557, 588, 619, 650, 681, 712, 743, 774, 805, 836, 867, 898, 929, 29, 928, 62, 93, 124, 155, 186, 217, 248, 279, 310, 341, 372, 403, 434, 465, 496, 527, 558, 589, 620, 651, 682, 713, 744, 775, 806, 837, 868, 899, 930, 961, 30, 960, 63, 94, 125, 156, 187, 218, 249, 280, 311, 342, 373, 404, 435, 466, 497, 528, 559, 590, 621, 652, 683, 714, 745, 776, 807, 838, 869, 900, 931, 962, 993, 31, 992, 95, 126, 157, 188, 219, 250, 281, 312, 343, 374, 405, 436, 467, 498, 529, 560, 591, 622, 653, 684, 715, 746, 777, 808, 839, 870, 901, 932, 963, 994, 127, 158, 189, 220, 251, 282, 313, 344, 375, 406, 437, 468, 499, 530, 561, 592, 623, 654, 685, 716, 747, 778, 809, 840, 871, 902, 933, 964, 995, 159, 190, 221, 252, 283, 314, 345, 376, 407, 438, 469, 500, 531, 562, 593, 624, 655, 686, 717, 748, 779, 810, 841, 872, 903, 934, 965, 996, 191, 222, 253, 284, 315, 346, 377, 408, 439, 470, 501, 532, 563, 594, 625, 656, 687, 718, 749, 780, 811, 842, 873, 904, 935, 966, 997, 223, 254, 285, 316, 347, 378, 409, 440, 471, 502, 533, 564, 595, 626, 657, 688, 719, 750, 781, 812, 843, 874, 905, 936, 967, 998, 255, 286, 317, 348, 379, 410, 441, 472, 503, 534, 565, 596, 627, 658, 689, 720, 751, 782, 813, 844, 875, 906, 937, 968, 999, 287, 318, 349, 380, 411, 442, 473, 504, 535, 566, 597, 628, 659, 690, 721, 752, 783, 814, 845, 876, 907, 938, 969, 1000, 319, 350, 381, 412, 443, 474, 505, 536, 567, 598, 629, 660, 691, 722, 753, 784, 815, 846, 877, 908, 939, 970, 1001, 351, 382, 413, 444, 475, 506, 537, 568, 599, 630, 661, 692, 723, 754, 785, 816, 847, 878, 909, 940, 971, 1002, 383, 414, 445, 476, 507, 538, 569, 600, 631, 662, 693, 724, 755, 786, 817, 848, 879, 910, 941, 972, 1003, 415, 446, 477, 508, 539, 570, 601, 632, 663, 694, 725, 756, 787, 818, 849, 880, 911, 942, 973, 1004, 447, 478, 509, 540, 571, 602, 633, 664, 695, 726, 757, 788, 819, 850, 881, 912, 943, 974, 1005, 479, 510, 541, 572, 603, 634, 665, 696, 727, 758, 789, 820, 851, 882, 913, 944, 975, 1006, 511, 542, 573, 604, 635, 666, 697, 728, 759, 790, 821, 852, 883, 914, 945, 976, 1007, 543, 574, 605, 636, 667, 698, 729, 760, 791, 822, 853, 884, 915, 946, 977, 1008, 575, 606, 637, 668, 699, 730, 761, 792, 823, 854, 885, 916, 947, 978, 1009, 607, 638, 669, 700, 731, 762, 793, 824, 855, 886, 917, 948, 979, 1010, 639, 670, 701, 732, 763, 794, 825, 856, 887, 918, 949, 980, 1011, 671, 702, 733, 764, 795, 826, 857, 888, 919, 950, 981, 1012, 703, 734, 765, 796, 827, 858, 889, 920, 951, 982, 1013, 735, 766, 797, 828, 859, 890, 921, 952, 983, 1014, 767, 798, 829, 860, 891, 922, 953, 984, 1015, 799, 830, 861, 892, 923, 954, 985, 1016, 831, 862, 893, 924, 955, 986, 1017, 863, 894, 925, 956, 987, 1018, 895, 926, 957, 988, 1019, 927, 958, 989, 1020, 959, 990, 1021, 991, 1022, 1023]
CG compatibility mode: True
SABRE layout passes: 1
Number of qudits: 1024
Number of operations: 32848
Number of positions: 1024
Number of directed edges: 3968
passes [<bqskit_local.mapping.setPGSPass.SetPGSPass object at 0x00000227A3BF4830>, <bqskit_local.layout.sabrePassPGS.GeneralizedSabreLayoutPassPGS object at 0x00000227D555C2F0>, <bqskit_local.routing.sabreRoutingPGS.GeneralizedSabreRoutingPassPGS object at 0x00000227D555C1A0>]
Initial mapping: [0, 1, 2, 3, 4, 5, 6, 7, 8, 9, 10, 11, 12, 13, 14, 15, 16, 17, 18, 19, 20, 21, 22, 23, 24, 25, 26, 27, 28, 29, 30, 31, 32, 33, 34, 35, 36, 37, 38, 39, 40, 41, 42, 43, 44, 45, 46, 47, 48, 49, 50, 51, 52, 53, 54, 55, 56, 57, 58, 59, 60, 61, 62, 63, 64, 65, 66, 67, 68, 69, 70, 71, 72, 73, 74, 75, 76, 77, 78, 79, 80, 81, 82, 83, 84, 85, 86, 87, 88, 89, 90, 91, 92, 93, 94, 95, 96, 97, 98, 99, 100, 101, 102, 103, 104, 105, 106, 107, 108, 109, 110, 111, 112, 113, 114, 115, 116, 117, 118, 119, 120, 121, 122, 123, 124, 125, 126, 127, 128, 129, 130, 131, 132, 133, 134, 135, 136, 137, 138, 139, 140, 141, 142, 143, 144, 145, 146, 147, 148, 149, 150, 151, 152, 153, 154, 155, 156, 157, 158, 159, 160, 161, 162, 163, 164, 165, 166, 167, 168, 169, 170, 171, 172, 173, 174, 175, 176, 177, 178, 179, 180, 181, 182, 183, 184, 185, 186, 187, 188, 189, 190, 191, 192, 193, 194, 195, 196, 197, 198, 199, 200, 201, 202, 203, 204, 205, 206, 207, 208, 209, 210, 211, 212, 213, 214, 215, 216, 217, 218, 219, 220, 221, 222, 223, 224, 225, 226, 227, 228, 229, 230, 231, 232, 233, 234, 235, 236, 237, 238, 239, 240, 241, 242, 243, 244, 245, 246, 247, 248, 249, 250, 251, 252, 253, 254, 255, 256, 257, 258, 259, 260, 261, 262, 263, 264, 265, 266, 267, 268, 269, 270, 271, 272, 273, 274, 275, 276, 277, 278, 279, 280, 281, 282, 283, 284, 285, 286, 287, 288, 289, 290, 291, 292, 293, 294, 295, 296, 297, 298, 299, 300, 301, 302, 303, 304, 305, 306, 307, 308, 309, 310, 311, 312, 313, 314, 315, 316, 317, 318, 319, 320, 321, 322, 323, 324, 325, 326, 327, 328, 329, 330, 331, 332, 333, 334, 335, 336, 337, 338, 339, 340, 341, 342, 343, 344, 345, 346, 347, 348, 349, 350, 351, 352, 353, 354, 355, 356, 357, 358, 359, 360, 361, 362, 363, 364, 365, 366, 367, 368, 369, 370, 371, 372, 373, 374, 375, 376, 377, 378, 379, 380, 381, 382, 383, 384, 385, 386, 387, 388, 389, 390, 391, 392, 393, 394, 395, 396, 397, 398, 399, 400, 401, 402, 403, 404, 405, 406, 407, 408, 409, 410, 411, 412, 413, 414, 415, 416, 417, 418, 419, 420, 421, 422, 423, 424, 425, 426, 427, 428, 429, 430, 431, 432, 433, 434, 435, 436, 437, 438, 439, 440, 441, 442, 443, 444, 445, 446, 447, 448, 449, 450, 451, 452, 453, 454, 455, 456, 457, 458, 459, 460, 461, 462, 463, 464, 465, 466, 467, 468, 469, 470, 471, 472, 473, 474, 475, 476, 477, 478, 479, 480, 481, 482, 483, 484, 485, 486, 487, 488, 489, 490, 491, 492, 493, 494, 495, 496, 497, 498, 499, 500, 501, 502, 503, 504, 505, 506, 507, 508, 509, 510, 511, 512, 513, 514, 515, 516, 517, 518, 519, 520, 521, 522, 523, 524, 525, 526, 527, 528, 529, 530, 531, 532, 533, 534, 535, 536, 537, 538, 539, 540, 541, 542, 543, 544, 545, 546, 547, 548, 549, 550, 551, 552, 553, 554, 555, 556, 557, 558, 559, 560, 561, 562, 563, 564, 565, 566, 567, 568, 569, 570, 571, 572, 573, 574, 575, 576, 577, 578, 579, 580, 581, 582, 583, 584, 585, 586, 587, 588, 589, 590, 591, 592, 593, 594, 595, 596, 597, 598, 599, 600, 601, 602, 603, 604, 605, 606, 607, 608, 609, 610, 611, 612, 613, 614, 615, 616, 617, 618, 619, 620, 621, 622, 623, 624, 625, 626, 627, 628, 629, 630, 631, 632, 633, 634, 635, 636, 637, 638, 639, 640, 641, 642, 643, 644, 645, 646, 647, 648, 649, 650, 651, 652, 653, 654, 655, 656, 657, 658, 659, 660, 661, 662, 663, 664, 665, 666, 667, 668, 669, 670, 671, 672, 673, 674, 675, 676, 677, 678, 679, 680, 681, 682, 683, 684, 685, 686, 687, 688, 689, 690, 691, 692, 693, 694, 695, 696, 697, 698, 699, 700, 701, 702, 703, 704, 705, 706, 707, 708, 709, 710, 711, 712, 713, 714, 715, 716, 717, 718, 719, 720, 721, 722, 723, 724, 725, 726, 727, 728, 729, 730, 731, 732, 733, 734, 735, 736, 737, 738, 739, 740, 741, 742, 743, 744, 745, 746, 747, 748, 749, 750, 751, 752, 753, 754, 755, 756, 757, 758, 759, 760, 761, 762, 763, 764, 765, 766, 767, 768, 769, 770, 771, 772, 773, 774, 775, 776, 777, 778, 779, 780, 781, 782, 783, 784, 785, 786, 787, 788, 789, 790, 791, 792, 793, 794, 795, 796, 797, 798, 799, 800, 801, 802, 803, 804, 805, 806, 807, 808, 809, 810, 811, 812, 813, 814, 815, 816, 817, 818, 819, 820, 821, 822, 823, 824, 825, 826, 827, 828, 829, 830, 831, 832, 833, 834, 835, 836, 837, 838, 839, 840, 841, 842, 843, 844, 845, 846, 847, 848, 849, 850, 851, 852, 853, 854, 855, 856, 857, 858, 859, 860, 861, 862, 863, 864, 865, 866, 867, 868, 869, 870, 871, 872, 873, 874, 875, 876, 877, 878, 879, 880, 881, 882, 883, 884, 885, 886, 887, 888, 889, 890, 891, 892, 893, 894, 895, 896, 897, 898, 899, 900, 901, 902, 903, 904, 905, 906, 907, 908, 909, 910, 911, 912, 913, 914, 915, 916, 917, 918, 919, 920, 921, 922, 923, 924, 925, 926, 927, 928, 929, 930, 931, 932, 933, 934, 935, 936, 937, 938, 939, 940, 941, 942, 943, 944, 945, 946, 947, 948, 949, 950, 951, 952, 953, 954, 955, 956, 957, 958, 959, 960, 961, 962, 963, 964, 965, 966, 967, 968, 969, 970, 971, 972, 973, 974, 975, 976, 977, 978, 979, 980, 981, 982, 983, 984, 985, 986, 987, 988, 989, 990, 991, 992, 993, 994, 995, 996, 997, 998, 999, 1000, 1001, 1002, 1003, 1004, 1005, 1006, 1007, 1008, 1009, 1010, 1011, 1012, 1013, 1014, 1015, 1016, 1017, 1018, 1019, 1020, 1021, 1022, 1023]
Final mapping: [589, 890, 581, 957, 917, 406, 639, 162, 1001, 802, 172, 157, 930, 460, 267, 620, 118, 544, 131, 699, 764, 22, 356, 159, 16, 644, 295, 551, 232, 373, 9, 292, 315, 128, 727, 663, 186, 691, 29, 61, 784, 258, 381, 905, 262, 314, 671, 633, 1020, 679, 666, 693, 12, 695, 801, 867, 1017, 901, 733, 201, 600, 125, 737, 189, 150, 921, 674, 887, 151, 50, 783, 818, 1014, 584, 506, 972, 971, 950, 874, 577, 334, 429, 237, 579, 739, 659, 611, 520, 154, 981, 676, 926, 696, 634, 731, 778, 716, 787, 626, 803, 966, 937, 677, 940, 821, 585, 668, 263, 942, 575, 761, 53, 226, 87, 852, 331, 949, 815, 688, 413, 210, 712, 547, 892, 928, 491, 333, 791, 319, 432, 435, 576, 753, 218, 941, 480, 104, 825, 596, 519, 631, 766, 768, 805, 339, 515, 896, 933, 865, 824, 998, 875, 110, 473, 57, 891, 555, 363, 743, 76, 111, 572, 375, 347, 541, 425, 228, 991, 133, 121, 806, 428, 18, 108, 748, 224, 823, 920, 889, 969, 848, 1022, 84, 549, 591, 906, 868, 758, 934, 245, 662, 276, 864, 781, 194, 1012, 895, 877, 5, 472, 789, 324, 106, 839, 771, 557, 451, 146, 273, 628, 592, 724, 835, 863, 113, 903, 912, 416, 379, 923, 498, 829, 844, 400, 475, 713, 130, 348, 800, 486, 249, 680, 367, 723, 81, 253, 216, 588, 153, 148, 909, 973, 281, 448, 1011, 922, 437, 837, 179, 809, 503, 219, 873, 235, 994, 100, 960, 786, 897, 316, 678, 899, 1000, 398, 914, 946, 534, 539, 606, 261, 64, 372, 565, 570, 394, 360, 955, 142, 203, 657, 431, 274, 259, 299, 871, 769, 188, 93, 51, 105, 99, 880, 62, 83, 811, 697, 302, 636, 144, 132, 213, 21, 453, 296, 894, 614, 885, 135, 25, 459, 603, 661, 176, 643, 963, 65, 26, 632, 426, 732, 752, 684, 391, 705, 32, 366, 442, 209, 530, 467, 0, 117, 196, 266, 984, 1021, 390, 610, 683, 474, 682, 234, 543, 630, 181, 652, 365, 556, 149, 782, 479, 656, 838, 686, 857, 468, 624, 974, 672, 687, 698, 703, 34, 650, 183, 318, 1002, 509, 307, 304, 122, 178, 707, 640, 653, 397, 354, 742, 443, 301, 393, 322, 702, 717, 1015, 729, 1010, 879, 560, 244, 590, 383, 239, 59, 518, 979, 597, 35, 858, 745, 89, 483, 734, 36, 464, 332, 517, 586, 43, 1019, 615, 306, 387, 469, 289, 720, 726, 198, 841, 197, 73, 70, 412, 303, 126, 747, 553, 816, 654, 810, 257, 423, 932, 1, 505, 831, 989, 227, 1006, 886, 308, 421, 80, 911, 290, 288, 177, 760, 321, 561, 155, 98, 609, 580, 470, 14, 1004, 374, 477, 116, 528, 883, 115, 208, 485, 776, 112, 744, 369, 260, 422, 915, 893, 711, 627, 175, 166, 814, 658, 120, 31, 493, 229, 522, 993, 681, 574, 341, 516, 820, 55, 152, 138, 386, 436, 371, 958, 497, 320, 212, 504, 77, 511, 199, 780, 410, 536, 94, 338, 855, 270, 478, 502, 537, 775, 1008, 277, 608, 550, 842, 401, 796, 772, 91, 127, 1018, 13, 37, 454, 1009, 102, 804, 988, 103, 765, 866, 750, 358, 817, 139, 271, 119, 90, 996, 79, 471, 82, 238, 145, 548, 96, 956, 407, 297, 63, 567, 619, 211, 170, 445, 180, 415, 552, 526, 231, 335, 86, 328, 48, 136, 376, 1007, 230, 24, 997, 538, 595, 256, 754, 904, 675, 325, 441, 92, 798, 27, 357, 364, 773, 382, 95, 114, 427, 192, 913, 225, 430, 134, 40, 797, 207, 3, 424, 4, 193, 582, 660, 269, 173, 283, 254, 330, 60, 566, 685, 71, 982, 1013, 466, 492, 294, 757, 298, 607, 613, 763, 140, 42, 964, 788, 417, 409, 123, 962, 512, 925, 10, 968, 17, 542, 860, 708, 706, 49, 340, 220, 728, 618, 954, 562, 924, 496, 326, 598, 438, 799, 616, 951, 404, 143, 23, 217, 344, 268, 625, 487, 327, 7, 15, 983, 689, 19, 648, 532, 872, 439, 185, 345, 936, 578, 947, 405, 233, 452, 408, 200, 287, 368, 722, 987, 392, 692, 710, 286, 414, 317, 455, 411, 670, 827, 420, 622, 169, 1005, 919, 312, 540, 336, 447, 641, 11, 97, 605, 569, 323, 961, 311, 602, 158, 715, 463, 948, 935, 46, 309, 546, 168, 182, 58, 845, 385, 28, 651, 221, 849, 78, 535, 999, 851, 719, 529, 457, 109, 533, 929, 255, 808, 900, 342, 458, 490, 869, 419, 243, 462, 300, 854, 68, 214, 359, 190, 279, 878, 736, 346, 749, 847, 280, 264, 395, 918, 399, 242, 362, 755, 476, 449, 461, 665, 985, 830, 38, 740, 813, 147, 647, 554, 141, 265, 481, 351, 563, 370, 500, 206, 215, 377, 161, 361, 291, 293, 284, 41, 30, 836, 88, 510, 355, 725, 124, 246, 156, 642, 673, 601, 649, 501, 204, 191, 559, 907, 456, 623, 402, 840, 305, 856, 931, 777, 202, 741, 870, 587, 352, 184, 1023, 353, 945, 524, 521, 523, 129, 646, 488, 756, 499, 850, 701, 790, 573, 826, 137, 223, 593, 859, 47, 171, 247, 195, 767, 222, 241, 508, 434, 690, 812, 655, 384, 832, 389, 388, 240, 770, 944, 380, 403, 853, 236, 545, 164, 793, 861, 779, 69, 187, 888, 862, 881, 986, 433, 583, 792, 738, 450, 762, 56, 74, 446, 746, 1016, 525, 819, 704, 54, 482, 507, 667, 735, 250, 730, 20, 252, 72, 718, 251, 902, 282, 621, 714, 629, 910, 205, 795, 350, 275, 751, 938, 822, 959, 978, 278, 527, 794, 531, 444, 833, 513, 571, 943, 612, 514, 664, 174, 495, 107, 785, 939, 967, 721, 489, 975, 992, 759, 599, 44, 52, 843, 349, 965, 167, 637, 977, 908, 638, 343, 834, 558, 976, 1003, 418, 465, 66, 617, 329, 694, 953, 310, 494, 45, 285, 898, 39, 378, 970, 709, 635, 160, 75, 774, 952, 440, 67, 604, 396, 594, 272, 700, 313, 846, 807, 248, 2, 8, 645, 669, 101, 484, 33, 165, 85, 337, 876, 6, 564, 568, 882, 163, 995, 990, 927, 884, 980, 916, 828]
Placement: [51, 49, 23, 29, 1, 18, 93, 32, 30, 185, 66, 118, 44, 996, 903, 748, 60, 0, 90, 95, 250, 78, 38, 6, 207, 62, 137, 27, 723, 275, 918, 16, 951, 63, 85, 347, 617, 26, 998, 104, 115, 921, 169, 435, 549, 74, 957, 1012, 460, 526, 455, 403, 172, 487, 999, 997, 165, 150, 154, 57, 206, 140, 870, 558, 979, 700, 34, 12, 990, 76, 129, 492, 520, 33, 516, 39, 61, 904, 429, 980, 891, 1013, 551, 497, 994, 98, 458, 293, 1008, 17, 1002, 811, 13, 122, 989, 136, 644, 101, 929, 832, 770, 25, 133, 1005, 369, 174, 373, 719, 394, 931, 915, 698, 702, 944, 349, 646, 853, 408, 50, 168, 856, 949, 437, 647, 945, 121, 587, 1003, 9, 1001, 955, 31, 65, 1017, 616, 72, 322, 286, 724, 166, 324, 984, 488, 552, 615, 525, 993, 618, 494, 209, 132, 152, 620, 803, 514, 184, 1022, 108, 41, 86, 92, 1016, 84, 71, 399, 139, 720, 149, 153, 854, 816, 768, 181, 343, 224, 228, 64, 400, 529, 320, 97, 563, 917, 612, 916, 928, 58, 792, 555, 163, 426, 1011, 461, 1000, 319, 345, 109, 930, 40, 672, 323, 590, 225, 521, 964, 411, 869, 493, 767, 594, 991, 674, 988, 670, 68, 923, 985, 243, 769, 1006, 530, 746, 1014, 671, 953, 432, 489, 771, 986, 640, 981, 871, 42, 119, 120, 850, 202, 911, 747, 274, 954, 932, 966, 1018, 56, 902, 974, 995, 52, 1009, 100, 848, 553, 641, 88, 556, 490, 11, 550, 346, 344, 102, 2, 247, 697, 791, 564, 99, 887, 585, 1021, 967, 75, 942, 968, 744, 828, 971, 666, 81, 847, 982, 248, 188, 745, 5, 167, 35, 45, 276, 117, 430, 94, 297, 523, 28, 73, 879, 462, 648, 751, 463, 987, 645, 524, 7, 296, 273, 3, 54, 53, 55, 22, 36, 87, 4, 459, 433, 193, 114, 161, 271, 208, 67, 933, 889, 619, 405, 814, 381, 272, 130, 80, 586, 317, 722, 77, 485, 695, 295, 589, 131, 721, 528, 374, 156, 588, 1010, 970, 210, 382, 963, 565, 905, 407, 873, 15, 527, 300, 901, 547, 380, 643, 141, 813, 91, 378, 170, 229, 673, 906, 1004, 1015, 159, 240, 885, 975, 946, 583, 1019, 937, 105, 186, 464, 176, 465, 164, 402, 245, 147, 134, 406, 622, 496, 669, 290, 205, 148, 582, 790, 372, 668, 812, 639, 151, 427, 218, 649, 124, 251, 561, 495, 162, 370, 677, 559, 1020, 189, 518, 1023, 377, 425, 519, 204, 294, 318, 111, 187, 554, 246, 613, 696, 829, 396, 522, 642, 699, 919, 557, 321, 8, 456, 404, 650, 307, 592, 614, 560, 920, 818, 584, 867, 379, 725, 958, 352, 401, 428, 342, 262, 454, 934, 20, 146, 376, 177, 14, 623, 621, 241, 491, 434, 483, 484, 112, 375, 348, 852, 969, 834, 199, 977, 398, 397, 316, 835, 833, 231, 941, 983, 938, 849, 431, 581, 679, 226, 436, 959, 830, 843, 1007, 913, 890, 694, 978, 410, 973, 440, 898, 703, 976, 914, 19, 926, 883, 922, 952, 796, 676, 611, 912, 610, 956, 962, 766, 760, 799, 680, 827, 466, 467, 965, 793, 638, 972, 107, 855, 888, 591, 692, 468, 718, 126, 457, 291, 908, 882, 881, 817, 927, 775, 234, 727, 482, 655, 289, 899, 886, 788, 872, 10, 815, 772, 211, 200, 423, 409, 773, 341, 301, 910, 143, 865, 195, 804, 787, 270, 548, 562, 884, 866, 180, 70, 743, 356, 306, 96, 789, 681, 452, 249, 546, 729, 961, 110, 857, 268, 125, 278, 304, 414, 651, 704, 227, 79, 325, 752, 138, 753, 113, 123, 145, 539, 331, 47, 230, 438, 269, 593, 298, 157, 726, 350, 874, 24, 675, 819, 794, 701, 627, 595, 192, 499, 43, 609, 299, 155, 219, 384, 265, 175, 233, 774, 135, 217, 46, 656, 776, 749, 862, 116, 728, 386, 532, 222, 191, 498, 267, 531, 340, 21, 171, 533, 568, 940, 861, 354, 652, 750, 178, 351, 653, 252, 678, 232, 625, 939, 412, 469, 502, 441, 705, 326, 355, 837, 190, 277, 471, 596, 353, 83, 106, 197, 292, 470, 142, 654, 213, 158, 263, 212, 626, 535, 328, 501, 327, 279, 256, 253, 216, 254, 173, 624, 255, 329, 473, 714, 731, 924, 453, 69, 474, 281, 765, 598, 900, 635, 179, 566, 128, 707, 333, 357, 733, 305, 628, 504, 220, 244, 600, 754, 851, 606, 807, 183, 330, 868, 371, 259, 537, 795, 838, 283, 960, 706, 875, 503, 439, 839, 536, 730, 925, 831, 895, 37, 755, 845, 717, 806, 82, 823, 836, 797, 215, 597, 798, 858, 782, 777, 824, 936, 580, 863, 472, 475, 682, 778, 820, 534, 785, 896, 579, 950, 808, 505, 762, 477, 127, 685, 809, 878, 486, 367, 667, 633, 761, 947, 48, 810, 709, 708, 691, 764, 825, 909, 570, 805, 781, 567, 880, 840, 629, 784, 599, 894, 182, 517, 948, 422, 893, 935, 742, 740, 515, 756, 992, 802, 876, 59, 443, 315, 358, 759, 538, 608, 739, 196, 732, 897, 303, 683, 311, 572, 780, 736, 907, 801, 302, 844, 892, 543, 665, 223, 419, 364, 264, 786, 160, 368, 693, 201, 783, 713, 715, 601, 877, 266, 734, 511, 339, 360, 424, 312, 420, 480, 392, 636, 573, 203, 822, 545, 578, 689, 860, 602, 842, 451, 442, 864, 763, 711, 741, 664, 637, 712, 846, 513, 280, 310, 859, 757, 510, 800, 737, 943, 288, 512, 393, 716, 690, 738, 630, 686, 658, 194, 385, 540, 366, 631, 607, 365, 841, 684, 758, 634, 235, 660, 688, 821, 421, 735, 687, 663, 450, 577, 395, 449, 500, 569, 571, 544, 238, 285, 605, 710, 662, 661, 481, 659, 779, 826, 89, 103, 214, 632, 657, 383, 257, 236, 445, 444, 258, 413, 415, 282, 506, 476, 239, 284, 332, 144, 237, 479, 507, 576, 261, 287, 313, 308, 309, 198, 314, 359, 221, 335, 242, 260, 448, 338, 363, 391, 337, 418, 336, 478, 390, 387, 361, 362, 334, 389, 388, 447, 416, 417, 542, 446, 508, 509, 604, 575, 603, 541, 574]
Compilation runtime (s): 874.855
Original operation count: 32848
Compiled operation count: 76979